$ANSIBLE_VAULT;1.1;AES256
30646564326235333263363266363036353261616132336435643665333662633031373536653236
3865613663646239646262383364646364623761333635370a663236363232303264326465356535
32323535616130326662616133616637353066316533646135653464346331313562366666393639
3235613735346239330a383564373731393330613738353830323564613738383538356263383731
34613564386265663964623162656337333165306366373738303635616134383737353435653636
33356538313537343562336666303934383435316332333734343765653366656665633733633533
32326462613938653265666332383866366336646165386638643834383563346661643263363530
37616466656566656232303964613635326330326134386363363933356439393631636230303934
63616233303536613463376266313034656263306363636166616137396133613438386633306435
63646338663865623332633866343662316637396365303339323238663662356465653239323961
36366232386465643362323462346137343462333139356663336630396365633231333663643030
30656665373062623563613362363464386532623037393035306165663336303632636239353035
36356166613431313932333863636462333462363634613838363066633430383934
